# Created by Octave 4.2.1, Sun Mar 11 17:37:01 2018 GMT <unknown@everest-PC>
# name: v
# type: matrix
# rows: 240
# columns: 2
 805012 -301
 805089 -344
 805165 -301
 805241 -322
 805318 -320
 805394 -311
 805471 -289
 805548 -290
 805623 -282
 805700 -308
 805777 -319
 805853 -326
 805929 -303
 806006 -303
 806082 -300
 806159 -278
 806236 -299
 806311 -301
 806388 -338
 806465 -299
 806541 -308
 806618 -299
 806694 -284
 806770 -276
 806847 -287
 806924 -316
 807000 -313
 807076 -313
 807153 -317
 807229 -282
 807306 -308
 807383 -296
 807458 -293
 807535 -301
 807612 -295
 807688 -306
 807764 -332
 807841 -329
 807917 -283
 807994 -301
 808071 -318
 808146 -305
 808223 -312
 808300 -307
 808376 -310
 808453 -288
 808529 -308
 808605 -290
 808682 -290
 808759 -299
 808835 -291
 808911 -300
 808988 -313
 809064 -331
 809141 -306
 809218 -293
 809293 -295
 809370 -297
 809447 -329
 809523 -313
 809600 -344
 809676 -292
 809752 -305
 809829 -307
 809906 -295
 809981 -308
 810058 -303
 810135 -318
 810211 -312
 810288 -299
 810364 -279
 810440 -301
 810517 -311
 810594 -290
 810670 -299
 810746 -302
 810823 -296
 810899 -331
 810976 -305
 811053 -296
 811128 -293
 811205 -272
 811282 -294
 811358 -310
 811435 -302
 811511 -314
 811587 -331
 811664 -306
 811741 -291
 811816 -298
 811893 -300
 811970 -310
 812046 -300
 812123 -330
 812199 -330
 812275 -294
 812352 -320
 812429 -291
 812505 -305
 812581 -311
 812658 -318
 812734 -303
 812811 -318
 812888 -331
 812963 -306
 813040 -281
 813117 -292
 813193 -280
 813270 -300
 813346 -312
 813422 -293
 813499 -309
 813576 -312
 813651 -300
 813728 -318
 813805 -281
 813881 -556
 813958 -831
 814034 -2153
 814110 -3050
 814187 -3315
 814264 -4571
 814340 -3991
 814416 -1626
 814493 -930
 814570 -966
 814646 -2020
 814723 -1779
 814799 -1714
 814875 -533
 814952 -97
 815029 81
 815105 1095
 815181 1297
 815258 2122
 815334 1522
 815411 -1570
 815488 -859
 815563 -41
 815640 -1452
 815717 1239
 815794 -1189
 815869 -266
 815946 -534
 816023 -2237
 816099 -477
 816176 2474
 816252 2674
 816328 1703
 816405 496
 816482 95
 816558 -4701
 816634 -5944
 816711 -2800
 816788 346
 816864 1085
 816941 -1450
 817017 -4411
 817093 -1743
 817170 -1531
 817247 1904
 817323 1275
 817399 220
 817476 1165
 817553 4179
 817629 -1298
 817705 11
 817782 -259
 817858 -253
 817935 -251
 818012 -298
 818087 -303
 818164 -285
 818241 -291
 818317 -326
 818394 -312
 818470 -301
 818546 -307
 818623 -304
 818700 -312
 818776 -262
 818852 -288
 818929 -310
 819005 -293
 819082 -322
 819159 -302
 819234 -325
 819311 -322
 819388 -309
 819464 -305
 819540 -319
 819617 -311
 819693 -303
 819770 -309
 819847 -293
 819922 -283
 819999 -286
 820076 -293
 820152 -284
 820229 -286
 820305 -294
 820381 -298
 820458 -308
 820535 -308
 820611 -302
 820687 -326
 820764 -294
 820840 -306
 820917 -286
 820994 -306
 821069 -290
 821146 -307
 821223 -312
 821299 -324
 821376 -310
 821452 -293
 821528 -303
 821605 -295
 821682 -324
 821757 -303
 821834 -307
 821911 -268
 821987 -309
 822064 -303
 822140 -281
 822216 -316
 822293 -320
 822370 -294
 822446 -314
 822522 -300
 822599 -298
 822675 -285
 822752 -294
 822829 -304
 822904 -300
 822981 -318
 823058 -304
 823134 -294
 823211 -299
 823287 -313


