# Created by Octave 4.2.1, Sun Mar 11 17:46:51 2018 GMT <unknown@everest-PC>
# name: v
# type: matrix
# rows: 80
# columns: 2
 225414 -307
 225490 -285
 225567 -318
 225643 -344
 225720 -308
 225797 -298
 225872 -309
 225949 -300
 226026 -318
 226102 -301
 226179 -312
 226255 -276
 226331 -282
 226408 -316
 226485 -305
 226561 -296
 226637 -297
 226714 -300
 226790 -290
 226867 -335
 226944 -312
 227019 -293
 227096 -286
 227173 -283
 227249 -306
 227325 -295
 227402 -302
 227478 -273
 227555 -347
 227632 -308
 227707 -307
 227784 -300
 227861 -308
 227937 -299
 228014 -311
 228090 -333
 228166 -306
 228243 -281
 228320 -284
 228396 -302
 228472 -295
 228549 -309
 228625 -302
 228702 -311
 228779 -298
 228854 -295
 228931 -313
 229008 -300
 229084 -300
 229160 -301
 229237 -320
 229313 -301
 229390 -316
 229467 -305
 229542 -300
 229619 -315
 229696 -324
 229772 -309
 229849 -314
 229925 -291
 230001 -308
 230078 -306
 230155 -318
 230231 -298
 230307 -313
 230384 -315
 230460 -315
 230537 -301
 230614 -302
 230689 -302
 230766 -299
 230843 -305
 230919 -307
 230995 -311
 231072 -290
 231148 -316
 231225 -331
 231302 -323
 231377 -316
 231454 -305


