# Created by Octave 4.2.1, Sun Mar 11 17:44:14 2018 GMT <unknown@everest-PC>
# name: v
# type: matrix
# rows: 80
# columns: 2
 152012 -311
 152089 -316
 152166 -307
 152242 -297
 152318 -317
 152395 -291
 152471 -281
 152548 -317
 152625 -311
 152700 -298
 152777 -295
 152854 -314
 152930 -318
 153007 -305
 153083 -311
 153159 -307
 153236 -287
 153313 -317
 153389 -295
 153465 -303
 153542 -274
 153618 -293
 153695 -294
 153772 -282
 153847 -311
 153924 -302
 154001 -290
 154077 -289
 154153 -293
 154230 -273
 154306 -310
 154383 -246
 154460 -344
 154535 -657
 154612 -1536
 154689 -3322
 154766 -3113
 154842 -2396
 154918 -2629
 154995 -2073
 155071 -1916
 155148 -2128
 155225 -2433
 155301 -179
 155377 -227
 155454 142
 155531 138
 155607 -2512
 155683 -1919
 155760 -1196
 155836 1185
 155913 1440
 155990 591
 156065 658
 156142 -816
 156219 -896
 156295 -306
 156371 3639
 156448 -150
 156525 -201
 156601 -274
 156678 -314
 156754 -308
 156830 -304
 156907 -294
 156984 -315
 157060 -317
 157136 -293
 157213 -311
 157289 -316
 157366 -324
 157443 -287
 157518 -299
 157595 -307
 157671 -285
 157748 -314
 157825 -306
 157900 -320
 157977 -307
 158054 -276


