# Created by Octave 4.2.1, Sun Mar 11 17:47:05 2018 GMT <unknown@everest-PC>
# name: v
# type: matrix
# rows: 80
# columns: 2
 231531 -319
 231607 -297
 231684 -310
 231760 -273
 231836 -298
 231913 -309
 231990 -297
 232066 -314
 232142 -281
 232219 -298
 232295 -311
 232372 -304
 232449 -322
 232524 -301
 232601 -304
 232678 -311
 232754 -313
 232830 -282
 232907 -292
 232983 -319
 233060 -304
 233137 -312
 233212 -286
 233289 -287
 233366 -302
 233442 -305
 233519 -303
 233595 -287
 233671 -296
 233748 -309
 233825 -308
 233901 -287
 233977 -307
 234054 -278
 234130 -306
 234207 -310
 234284 -316
 234359 -291
 234436 -323
 234513 -296
 234589 -276
 234665 -297
 234742 -274
 234818 -293
 234895 -312
 234972 -313
 235047 -303
 235124 -311
 235201 -312
 235277 -299
 235354 -323
 235430 -306
 235506 -289
 235583 -319
 235660 -306
 235736 -317
 235812 -293
 235889 -307
 235965 -306
 236042 -316
 236119 -299
 236194 -306
 236271 -300
 236348 -313
 236424 -313
 236500 -277
 236577 -302
 236653 -321
 236730 -287
 236807 -305
 236882 -302
 236959 -290
 237036 -325
 237112 -302
 237189 -302
 237265 -325
 237341 -309
 237418 -299
 237495 -297
 237571 -308


