# Created by Octave 4.2.1, Sun Mar 11 17:44:51 2018 GMT <unknown@everest-PC>
# name: v
# type: matrix
# rows: 80
# columns: 2
 170364 -287
 170440 -325
 170517 -294
 170594 -308
 170670 -293
 170746 -299
 170822 -299
 170899 -298
 170976 -315
 171052 -330
 171128 -301
 171205 -320
 171281 -313
 171358 -306
 171435 -304
 171510 -329
 171587 -304
 171664 -301
 171740 -302
 171816 -309
 171893 -315
 171969 -300
 172046 -306
 172123 -307
 172198 -294
 172275 -289
 172352 -317
 172428 -302
 172505 -290
 172581 -308
 172657 -283
 172734 -298
 172811 -304
 172887 -307
 172963 -313
 173040 -304
 173116 -300
 173193 -307
 173270 -303
 173345 -325
 173422 -334
 173499 -303
 173575 -291
 173651 -291
 173728 -320
 173804 -315
 173881 -305
 173958 -302
 174033 -319
 174110 -313
 174187 -283
 174263 -325
 174340 -292
 174416 -317
 174492 -314
 174569 -299
 174646 -310
 174722 -323
 174798 -320
 174875 -312
 174951 -319
 175028 -323
 175105 -309
 175180 -302
 175257 -306
 175334 -296
 175410 -289
 175486 -291
 175563 -306
 175639 -320
 175716 -302
 175793 -303
 175868 -322
 175945 -290
 176022 -339
 176098 -314
 176175 -314
 176251 -307
 176327 -298
 176404 -282


