# Created by Octave 4.2.1, Sun Mar 11 17:45:55 2018 GMT <unknown@everest-PC>
# name: v
# type: matrix
# rows: 80
# columns: 2
 200947 -372
 201024 -271
 201101 -270
 201177 -332
 201253 -320
 201330 -301
 201406 -299
 201483 -287
 201560 -299
 201635 -301
 201712 -296
 201789 -281
 201865 -296
 201942 -304
 202018 -306
 202094 -315
 202171 -306
 202248 -298
 202323 -299
 202400 -310
 202477 -324
 202553 -317
 202630 -303
 202706 -303
 202782 -328
 202859 -320
 202936 -268
 203012 -303
 203088 -309
 203165 -299
 203241 -294
 203318 -317
 203395 -295
 203470 -291
 203547 -321
 203624 -292
 203700 -310
 203777 -306
 203853 -314
 203929 -315
 204006 -310
 204083 -310
 204158 -290
 204235 -313
 204312 -314
 204388 -320
 204465 -306
 204541 -300
 204617 -285
 204694 -313
 204771 -302
 204847 -285
 204923 -302
 205000 -305
 205076 -303
 205153 -287
 205230 -289
 205305 -298
 205382 -339
 205459 -307
 205535 -311
 205612 -306
 205688 -309
 205764 -290
 205841 -271
 205918 -311
 205993 -315
 206070 -335
 206147 -305
 206223 -298
 206300 -300
 206376 -293
 206452 -306
 206529 -317
 206606 -315
 206682 -303
 206758 -298
 206835 -317
 206911 -296
 206988 -298


