# Created by Octave 4.2.1, Sun Mar 11 17:47:46 2018 GMT <unknown@everest-PC>
# name: v
# type: matrix
# rows: 80
# columns: 2
 249881 -309
 249957 -320
 250034 -292
 250110 -303
 250186 -292
 250263 -290
 250340 -313
 250416 -312
 250492 -309
 250569 -290
 250645 -291
 250722 -288
 250799 -310
 250874 -338
 250951 -308
 251028 -301
 251104 -303
 251181 -312
 251257 -290
 251333 -297
 251410 -308
 251487 -300
 251563 -307
 251639 -318
 251716 -309
 251792 -303
 251869 -302
 251945 -336
 252021 -319
 252098 -294
 252175 -294
 252251 -309
 252327 -312
 252404 -308
 252480 -318
 252557 -303
 252634 -300
 252709 -315
 252786 -309
 252863 -276
 252939 -320
 253016 -321
 253092 -286
 253168 -304
 253245 -297
 253322 -303
 253398 -326
 253474 -331
 253551 -287
 253627 -285
 253704 -293
 253780 -294
 253856 -300
 253933 -292
 254010 -312
 254086 -309
 254162 -298
 254339 -320
 254315 -298
 254392 -304
 254469 -301
 254544 -289
 254621 -327
 254698 -308
 254774 -302
 254851 -290
 254927 -310
 255003 -315
 255080 -302
 255157 -304
 255233 -307
 255309 -324
 255386 -317
 255462 -327
 255539 -310
 255616 -325
 255691 -283
 255768 -290
 255845 -300
 255921 -309


