# Created by Octave 4.2.1, Sun Mar 11 17:45:42 2018 GMT <unknown@everest-PC>
# name: v
# type: matrix
# rows: 80
# columns: 2
 194831 -285
 194907 -298
 194983 -287
 195060 -323
 195136 -322
 195213 -316
 195290 -306
 195365 -300
 195442 -309
 195519 -283
 195595 -296
 195672 -296
 195748 -333
 195824 -308
 195901 -326
 195978 -314
 196054 -312
 196130 -270
 196207 -309
 196283 -292
 196360 -305
 196436 -291
 196512 -315
 196589 -313
 196666 -300
 196742 -288
 196818 -297
 196895 -293
 196971 -304
 197048 -312
 197125 -323
 197200 -306
 197277 -298
 197354 -309
 197430 -330
 197507 -331
 197583 -324
 197659 -301
 197736 -310
 197813 -305
 197889 -291
 197965 -304
 198042 -322
 198118 -314
 198195 -313
 198272 -293
 198347 -316
 198424 -315
 198501 -309
 198577 -325
 198653 -286
 198730 -309
 198806 -308
 198883 -290
 198960 -312
 199035 -312
 199112 -301
 199189 -312
 199265 -275
 199342 -314
 199418 -166
 199494 774
 199571 896
 199648 677
 199724 250
 199800 -544
 199877 -273
 199953 -363
 200030 -117
 200107 -165
 200182 128
 200259 -228
 200336 -675
 200412 -3666
 200488 2257
 200565 -1999
 200642 769
 200718 727
 200795 1303
 200871 -655


