# Created by Octave 4.2.1, Sun Mar 11 17:48:00 2018 GMT <unknown@everest-PC>
# name: v
# type: matrix
# rows: 79
# columns: 2
 255997 -312
 256074 -345
 256150 -305
 256227 -331
 256304 -293
 256379 -316
 256456 -294
 256533 -278
 256609 -323
 256686 -288
 256762 -286
 256838 -319
 256915 -277
 256992 -331
 257068 -315
 257144 -298
 257221 -317
 257297 -292
 257374 -313
 257451 -302
 257526 -327
 257603 -327
 257680 -302
 257756 -302
 257832 -300
 257909 -308
 257985 -287
 258062 -278
 258139 -284
 258214 -304
 258291 -311
 330698 -297
 330774 -313
 330851 -302
 330928 -280
 331003 -314
 331080 -311
 331157 -306
 331233 -315
 331310 -299
 331386 -278
 331462 -286
 331539 -310
 331616 -291
 331692 -291
 331768 -289
 331845 -312
 331921 -299
 331998 -230
 332075 -319
 332150 -308
 332227 -295
 332304 -308
 332380 -323
 332456 -290
 332533 -309
 332609 -311
 332686 -298
 332763 -299
 332838 -301
 332915 -308
 332992 -302
 333068 -302
 333145 -323
 333221 -287
 333297 -295
 333374 -291
 333451 -324
 333527 -306
 333603 -307
 333680 -330
 333756 -297
 333833 -288
 333908 -288
 333985 -293
 334062 -308
 334138 -314
 334215 -300
 334291 -297


