# Created by Octave 4.2.1, Sun Mar 11 17:46:08 2018 GMT <unknown@everest-PC>
# name: v
# type: matrix
# rows: 80
# columns: 2
 207065 -327
 207140 -339
 207217 -313
 207294 -317
 207370 -284
 207447 -279
 207523 -300
 207599 -290
 207676 -337
 207753 -297
 207828 -309
 207905 -306
 207981 -326
 208058 -317
 208135 -298
 208210 -339
 208287 -297
 208364 -301
 208440 -324
 208517 -310
 208593 -301
 208669 -306
 208746 -294
 208823 -304
 208899 -309
 208975 -302
 209052 -294
 209128 -295
 209205 -299
 209282 -306
 209357 -298
 209434 -290
 209511 -316
 209587 -302
 209664 -283
 209740 -306
 209816 -318
 209893 -322
 209970 -297
 210045 -306
 210122 -309
 210199 -308
 210275 -315
 210352 -297
 210428 -307
 210504 -285
 210581 -325
 210658 -304
 210734 -315
 210810 -302
 210887 -304
 210963 -305
 211040 -317
 211117 -305
 211192 -280
 211269 -303
 211346 -299
 211422 -276
 211499 -295
 211575 -311
 211651 -302
 211728 -335
 211805 -309
 211880 -319
 211957 -279
 212034 -310
 212110 -299
 212187 -310
 212263 -306
 212339 -298
 212416 -336
 212493 -302
 212569 -316
 212645 -284
 212722 -279
 212798 -311
 212875 -320
 212952 -285
 213027 -309
 213104 -317


