# Created by Octave 4.2.1, Sun Mar 11 17:45:04 2018 GMT <unknown@everest-PC>
# name: v
# type: matrix
# rows: 80
# columns: 2
 176481 -308
 176557 -304
 176633 -294
 176710 -281
 176786 -293
 176863 -334
 176940 -308
 177015 -312
 177092 -297
 177169 -300
 177245 -322
 177321 -316
 177398 -304
 177474 -306
 177551 -310
 177628 -288
 177703 -332
 177780 -313
 177857 -311
 177933 -293
 178010 -334
 178086 -295
 178162 -297
 178239 -302
 178316 -306
 178392 -298
 178468 -277
 178545 -295
 178621 -303
 178698 -318
 178775 -315
 178850 -291
 178927 -328
 179004 -298
 179080 -305
 179156 -305
 179233 -302
 179309 -314
 179386 -320
 179463 -305
 179538 -309
 179615 -311
 179692 -295
 179768 -296
 179845 -317
 179921 -317
 179997 -301
 180074 -299
 180151 -278
 180227 -300
 180303 -308
 180380 -299
 180456 -308
 180533 -298
 180610 -325
 180685 -301
 180762 -306
 180839 -300
 180915 -284
 180992 -310
 181068 -323
 181144 -317
 181221 -303
 181298 -305
 181373 -312
 181450 -295
 181527 -321
 181603 -282
 181680 -307
 181756 -323
 181832 -303
 181909 -314
 181986 -282
 182062 -303
 182138 -299
 182215 -326
 182291 -296
 182368 -302
 182445 -286
 182520 -318


