# Created by Octave 4.2.1, Sun Mar 11 17:45:29 2018 GMT <unknown@everest-PC>
# name: v
# type: matrix
# rows: 80
# columns: 2
 188713 -284
 188790 -311
 188867 -309
 188943 -321
 189020 -300
 189096 -317
 189172 -294
 189249 -299
 189326 -302
 189402 -314
 189478 -293
 189555 -300
 189631 -323
 189708 -303
 189785 -317
 189860 -306
 189937 -310
 190014 -321
 190090 -293
 190167 -314
 190243 -289
 190319 -310
 190396 -313
 190473 -303
 190548 -306
 190625 -289
 190702 -312
 190778 -334
 190855 -311
 190931 -318
 191007 -305
 191084 -300
 191161 -283
 191237 -306
 191313 -312
 191390 -327
 191466 -283
 191543 -310
 191620 -302
 191695 -295
 191772 -291
 191849 -294
 191925 -311
 192002 -319
 192078 -313
 192154 -314
 192231 -302
 192308 -285
 192384 -291
 192460 -291
 192537 -321
 192613 -278
 192690 -318
 192766 -302
 192842 -313
 192919 -323
 192996 -278
 193072 -323
 193148 -285
 193225 -323
 193301 -319
 193378 -289
 193455 -301
 193530 -316
 193607 -301
 193684 -304
 193760 -295
 193837 -304
 193913 -298
 193989 -309
 194066 -314
 194143 -316
 194219 -323
 194295 -311
 194372 -297
 194448 -303
 194525 -305
 194601 -294
 194677 -302
 194754 -304


