# Created by Octave 4.2.1, Sun Mar 11 17:48:27 2018 GMT <unknown@everest-PC>
# name: v
# type: matrix
# rows: 80
# columns: 2
 340485 -291
 340560 -298
 340637 -314
 340714 -327
 340790 -307
 340867 -297
 340943 -315
 341019 -322
 341096 -313
 341173 -300
 341249 -299
 341325 -322
 341402 -287
 341478 -311
 341555 -305
 341632 -285
 341707 -289
 341784 -308
 341861 -292
 341937 -300
 342013 -314
 342090 -316
 342166 -291
 342243 -302
 342320 -320
 342395 -295
 342472 -302
 342549 -323
 342625 -301
 342702 -280
 342778 -296
 342854 -327
 342931 -318
 343008 -318
 343084 -302
 343160 -288
 343237 -321
 343313 -302
 343390 -282
 343467 -288
 343542 -321
 343619 -324
 343696 -321
 343772 -310
 343848 -295
 343925 -324
 344001 -297
 344078 -296
 344155 -305
 344230 -320
 344307 -290
 344384 -311
 344460 -323
 344537 -299
 344613 -314
 344689 -308
 344766 -300
 344843 -332
 344919 -308
 344995 -316
 345072 -296
 345148 -299
 345225 -297
 345302 -301
 345377 -313
 345454 -332
 345531 -307
 345607 -302
 345683 -323
 345760 -317
 345836 -307
 345913 -303
 345990 -294
 346065 -288
 346142 -326
 346219 -287
 346295 -312
 346372 -280
 346448 -312
 346524 -331


