# Created by Octave 4.2.1, Sun Mar 11 17:48:41 2018 GMT <unknown@everest-PC>
# name: v
# type: matrix
# rows: 80
# columns: 2
 346601 -326
 346678 -305
 346754 -332
 346830 -304
 346907 -316
 346983 -294
 347060 -301
 347137 -312
 347212 -313
 347289 -307
 347366 -290
 347442 -317
 347518 -305
 347595 -326
 347671 -298
 347748 -290
 347825 -328
 347900 -310
 347977 -307
 348054 -280
 348130 -314
 348207 -298
 348283 -305
 348359 -302
 348436 -291
 348513 -313
 348589 -304
 348665 -298
 348742 -297
 348818 -309
 348895 -310
 348972 -297
 349047 -298
 349124 -306
 349201 -327
 349277 -293
 349353 -291
 349430 -307
 349506 -296
 349583 -303
 349660 -317
 349735 -329
 349812 -318
 349889 -308
 349965 -317
 350042 -318
 350118 -316
 350194 -321
 350271 -300
 350348 -306
 350424 -289
 350500 -308
 350577 -325
 350653 -313
 350730 -282
 350807 -282
 350882 -282
 350959 -315
 351036 -320
 351112 -297
 351188 -319
 351265 -306
 351341 -302
 351418 -295
 351495 -288
 351570 -311
 351647 -329
 351724 -287
 351800 -295
 351877 -271
 351953 -297
 352029 -282
 352106 -304
 352183 -319
 352259 -311
 352335 -306
 352412 -295
 352488 -310
 352565 -301
 352642 -303


