# Created by Octave 4.2.1, Sun Mar 11 17:47:19 2018 GMT <unknown@everest-PC>
# name: v
# type: matrix
# rows: 80
# columns: 2
 237647 -301
 237724 -300
 237800 -300
 237877 -295
 237954 -300
 238029 -293
 238106 -313
 238183 -325
 238259 -316
 238336 -317
 238412 -307
 238488 -303
 238565 -326
 238642 -302
 238717 -299
 238794 -307
 238871 -313
 238947 -309
 239024 -282
 239100 -322
 239176 -298
 239253 -304
 239330 -293
 239406 -294
 239482 -296
 239559 -281
 239635 -316
 239712 -287
 239789 -324
 239864 -291
 239941 -302
 240018 -322
 240094 -312
 240171 -318
 240247 -297
 240323 -292
 240400 -299
 240477 -293
 240552 -305
 240629 -278
 240706 -309
 240782 -320
 240859 -270
 240935 -288
 241011 -311
 241088 -284
 241165 -292
 241241 -296
 241317 -293
 241394 -285
 241470 -290
 241547 -303
 241624 -327
 241699 -301
 241776 -312
 241853 -302
 241929 -298
 242006 -304
 242082 -314
 242158 -297
 242235 -302
 242312 -294
 242387 -297
 242464 -310
 242541 -314
 242617 -305
 242694 -303
 242770 -317
 242846 -290
 242923 -308
 243000 -321
 243076 -310
 243152 -308
 243229 -282
 243305 -302
 243382 -296
 243459 -292
 243534 -302
 243611 -315
 243688 -306


