# Created by Octave 4.2.1, Sun Mar 11 17:44:26 2018 GMT <unknown@everest-PC>
# name: v
# type: matrix
# rows: 80
# columns: 2
 158130 -287
 158206 -286
 158283 -300
 158359 -306
 158436 -327
 158513 -305
 158588 -301
 158665 -286
 158742 -307
 158818 -292
 158895 -285
 158971 -305
 159047 -285
 159124 -304
 159201 -320
 159277 -307
 159353 -280
 159430 -287
 159506 -304
 159583 -289
 159660 -305
 159735 -296
 159812 -322
 159889 -283
 159965 -287
 160041 -322
 160118 -306
 160194 -293
 160271 -311
 160348 -287
 160423 -312
 160500 -308
 160577 -297
 160653 -308
 160730 -306
 160806 -310
 160882 -305
 160959 -321
 161036 -326
 161112 -299
 161188 -306
 161265 -324
 161341 -292
 161418 -309
 161495 -321
 161570 -302
 161647 -314
 161724 -318
 161800 -288
 161876 -305
 161953 -300
 162029 -305
 162106 -272
 162183 -286
 162258 -306
 162335 -288
 162412 -297
 162488 -331
 162565 -288
 162641 -312
 162717 -304
 162794 -318
 162871 -311
 162947 -314
 163023 -315
 163100 -281
 163176 -317
 163253 -289
 163330 -292
 163405 -281
 163482 -296
 163559 -316
 163635 -290
 163712 -304
 163788 -297
 163864 -266
 163941 -309
 164018 -323
 164093 -308
 164170 -293


