# Created by Octave 4.2.1, Sun Mar 11 17:46:36 2018 GMT <unknown@everest-PC>
# name: v
# type: matrix
# rows: 80
# columns: 2
 219297 -295
 219374 -318
 219450 -303
 219527 -279
 219603 -309
 219679 -322
 219756 -307
 219833 -335
 219909 -319
 219985 -301
 220062 -299
 220138 -306
 220215 -303
 220292 -324
 220367 -315
 220444 -310
 220521 -321
 220597 -314
 220674 -327
 220750 -296
 220826 -323
 220903 -293
 220980 -312
 221056 -292
 221132 -308
 221209 -305
 221285 -314
 221362 -311
 221438 -299
 221514 -303
 221591 -309
 221668 -308
 221744 -310
 221820 -283
 221897 -313
 221973 -296
 222050 -315
 222127 -294
 222202 -284
 222279 -314
 222356 -281
 222432 -297
 222509 -311
 222585 -286
 222661 -311
 222738 -300
 222815 -325
 222891 -305
 222967 -313
 223044 -329
 223120 -318
 223197 -308
 223273 -307
 223349 -312
 223426 -298
 223503 -293
 223579 -303
 223655 -318
 223732 -309
 223808 -298
 223885 -316
 223962 -303
 224037 -312
 224114 -277
 224191 -288
 224267 -315
 224344 -304
 224420 -296
 224496 -294
 224573 -319
 224650 -301
 224726 -290
 224802 -309
 224879 -301
 224955 -315
 225032 -291
 225108 -309
 225184 -309
 225261 -315
 225338 -303


