# Created by Octave 4.2.1, Sun Mar 11 17:48:13 2018 GMT <unknown@everest-PC>
# name: v
# type: matrix
# rows: 80
# columns: 2
 334367 -304
 334444 -304
 334521 -288
 334597 -302
 334673 -302
 334750 -312
 334826 -289
 334903 -293
 334980 -292
 335055 -296
 335132 -292
 335209 -307
 335285 -288
 335362 -323
 335438 -281
 335514 -299
 335591 -298
 335668 -313
 335744 -323
 335820 -289
 335897 -298
 335973 -296
 336050 -307
 336126 -279
 336202 -295
 336279 -301
 336356 -302
 336432 -314
 336508 -286
 336585 -302
 336661 -340
 336738 -310
 336815 -311
 336890 -313
 336967 -302
 337044 -319
 337120 -326
 337197 -288
 337273 -306
 337349 -300
 337426 -296
 337503 -310
 337579 -290
 337655 -301
 337732 -300
 337808 -300
 337885 -295
 337961 -299
 338037 -289
 338114 -310
 338191 -298
 338267 -280
 338343 -305
 338420 -298
 338496 -305
 338573 -322
 338650 -280
 338725 -317
 338802 -302
 338879 -304
 338955 -300
 339032 -292
 339108 -306
 339184 -303
 339261 -306
 339338 -290
 339414 -282
 339490 -294
 339567 -297
 339643 -306
 339720 -312
 339796 -305
 339872 -302
 339949 -287
 340026 -290
 340102 -293
 340178 -313
 340255 -322
 340331 -308
 340408 -319


