# Created by Octave 4.2.1, Sun Mar 11 17:44:39 2018 GMT <unknown@everest-PC>
# name: v
# type: matrix
# rows: 80
# columns: 2
 164247 -328
 164323 -313
 164400 -292
 164476 -307
 164552 -302
 164629 -296
 164706 -301
 164782 -292
 164858 -322
 164935 -291
 165011 -309
 165088 -308
 165165 -289
 165240 -315
 165317 -312
 165394 -319
 165470 -326
 165547 -307
 165623 -329
 165699 -311
 165776 -306
 165853 -293
 165928 -307
 166005 -303
 166082 -320
 166158 -318
 166235 -312
 166311 -298
 166387 -309
 166464 -309
 166541 -315
 166617 -320
 166693 -295
 166770 -305
 166846 -275
 166923 -285
 167000 -288
 167075 -321
 167152 -308
 167229 -310
 167305 -302
 167382 -312
 167458 -303
 167534 -296
 167611 -311
 167688 -304
 167763 -304
 167840 -314
 167917 -308
 167993 -309
 168070 -304
 168146 -304
 168222 -268
 168299 -315
 168376 -458
 168452 -1218
 168528 -3779
 168605 -1709
 168682 -211
 168758 -870
 168835 -1463
 168911 -524
 168987 498
 169064 -409
 169141 -2421
 169217 -97
 169293 1717
 169370 -1455
 169446 -1628
 169523 -1524
 169600 3317
 169676 -434
 169752 -421
 169829 -337
 169906 -310
 169981 -311
 170058 -317
 170135 -296
 170211 -306
 170288 -311


