# Created by Octave 4.2.1, Sun Mar 11 17:47:33 2018 GMT <unknown@everest-PC>
# name: v
# type: matrix
# rows: 80
# columns: 2
 243764 -311
 243841 -301
 243917 -312
 243993 -285
 244070 -305
 244147 -295
 244222 -285
 244299 -295
 244376 -326
 244452 -323
 244529 -298
 244605 -314
 244681 -297
 244758 -320
 244835 -303
 244911 -289
 244987 -316
 245064 -275
 245140 -298
 245217 -303
 245294 -315
 245369 -314
 245446 -310
 245523 -280
 245599 -306
 245676 -294
 245752 -290
 245828 -302
 245905 -303
 245982 -316
 246057 -309
 246134 -272
 246211 -289
 246287 -298
 246364 -312
 246440 -279
 246516 -319
 246593 -294
 246670 -292
 246746 -300
 246822 -299
 246899 -292
 246975 -292
 247052 -324
 247129 -309
 247204 -325
 247281 -322
 247358 -306
 247434 -314
 247511 -302
 247587 -305
 247663 -303
 247740 -310
 247817 -305
 247892 -303
 247969 -308
 248046 -313
 248122 -304
 248199 -272
 248275 -299
 248351 -321
 248428 -319
 248505 -324
 248581 -276
 248657 -288
 248734 -320
 248810 -290
 248887 -299
 248964 -291
 249039 -327
 249116 -301
 249193 -303
 249269 -318
 249346 -296
 249422 -282
 249498 -337
 249575 -315
 249652 -277
 249728 -301
 249804 -307


