# Created by Octave 4.2.1, Sun Mar 11 17:46:22 2018 GMT <unknown@everest-PC>
# name: v
# type: matrix
# rows: 80
# columns: 2
 213181 -290
 213257 -297
 213334 -324
 213410 -302
 213486 -324
 213563 -325
 213640 -314
 213715 -333
 213792 -298
 213869 -321
 213945 -295
 214022 -304
 214098 -291
 214174 -317
 214251 -289
 214328 -313
 214404 -327
 214480 -292
 214557 -299
 214633 -312
 214710 -297
 214787 -302
 214862 -315
 214939 -298
 215016 -301
 215092 -302
 215169 -284
 215245 -315
 215321 -312
 215398 -292
 215475 -277
 215550 -330
 215627 -304
 215704 -338
 215780 -305
 215857 -305
 215933 -275
 216009 -311
 216086 -307
 216163 -313
 216239 -298
 216315 -291
 216392 -300
 216468 -295
 216545 -292
 216622 -303
 216697 -307
 216774 -294
 216851 -295
 216927 -333
 217004 -284
 217080 -283
 217156 -288
 217233 -308
 217310 -305
 217385 -317
 217462 -286
 217539 -310
 217615 -304
 217692 -316
 217768 -331
 217844 -290
 217921 -307
 217998 -309
 218074 -315
 218150 -291
 218227 -306
 218303 -322
 218380 -327
 218457 -320
 218532 -296
 218609 -277
 218686 -301
 218762 -304
 218839 -305
 218915 -282
 218991 -301
 219068 -301
 219145 -310
 219220 -303


