# Created by Octave 4.2.1, Sun Mar 11 17:45:16 2018 GMT <unknown@everest-PC>
# name: v
# type: matrix
# rows: 80
# columns: 2
 182597 -305
 182674 -285
 182750 -293
 182827 -298
 182903 -309
 182979 -321
 183056 -294
 183133 -271
 183208 -298
 183285 -315
 183362 -327
 183438 -304
 183515 -300
 183591 -308
 183667 -300
 183744 -313
 183821 -306
 183897 -328
 183973 -286
 184050 -297
 184126 -313
 184203 -292
 184280 -296
 184355 -314
 184432 -298
 184509 -273
 184585 -300
 184662 -318
 184738 -290
 184814 -306
 184891 -304
 184968 -316
 185043 -293
 185120 -316
 185197 -324
 185273 -300
 185350 -298
 185426 -307
 185502 -301
 185579 -294
 185656 -312
 185732 -305
 185808 -316
 185885 -311
 185961 -283
 186038 -311
 186115 -298
 186190 -307
 186267 -281
 186344 -297
 186420 -297
 186497 -313
 186573 -292
 186649 -303
 186726 -327
 186803 -304
 186878 -309
 186955 -307
 187032 -326
 187108 -294
 187185 -316
 187261 -290
 187337 -295
 187414 -315
 187491 -318
 187567 -289
 187643 -321
 187720 -278
 187796 -347
 187873 -283
 187950 -293
 188025 -301
 188102 -311
 188179 -306
 188255 -312
 188332 -292
 188408 -306
 188484 -288
 188561 -295
 188638 -298


