# Created by Octave 4.2.1, Sun Mar 11 17:27:00 2018 GMT <unknown@everest-PC>
# name: v
# type: matrix
# rows: 160
# columns: 2
 147007 -304
 147084 -319
 147161 -283
 147236 -294
 147313 -302
 147390 -277
 147466 -302
 147543 -307
 147619 -326
 147695 -314
 147772 -333
 147849 -296
 147924 -314
 148001 -307
 148078 -287
 148154 -302
 148231 -298
 148307 -318
 148383 -303
 148460 -302
 148537 -305
 148613 -300
 148689 -299
 148766 -310
 148842 -301
 148919 -292
 148996 -298
 149071 -301
 149148 -310
 149225 -272
 149301 -300
 149378 -272
 149454 -306
 149530 -288
 149607 -297
 149684 -310
 149760 -323
 149836 -308
 149913 -318
 149989 -315
 150066 -303
 150142 -297
 150218 -290
 150295 -294
 150372 -300
 150448 -310
 150524 -288
 150601 -305
 150677 -282
 150754 -304
 150831 -328
 150906 -302
 150983 -317
 151060 -296
 151136 -334
 151213 -322
 151289 -282
 151365 -289
 151442 -301
 151519 -286
 151595 -323
 151671 -318
 151748 -303
 151824 -298
 151901 -297
 151977 -305
 152053 -316
 152130 -325
 152207 -324
 152283 -300
 152359 -314
 152436 -326
 152512 -319
 152589 -316
 152666 -308
 152741 -324
 152818 -317
 152895 -305
 152971 -311
 153048 -306
 153124 -307
 153200 -334
 153277 -306
 153354 -297
 153430 -305
 153506 -304
 153583 -290
 153659 -332
 153736 -295
 153812 -295
 153888 -297
 153965 -290
 154042 -306
 154118 -299
 154194 -283
 154271 -305
 154347 -291
 154424 -323
 154501 -284
 154576 -275
 154653 -313
 154730 -327
 154806 -321
 154883 -315
 154958 -314
 155035 -296
 155112 -308
 155188 -302
 155265 -296
 155341 -311
 155417 -301
 155494 -318
 155571 -300
 155646 -296
 155723 -304
 155800 -306
 155876 -332
 155953 -298
 156029 -308
 156105 -305
 156182 -290
 156259 -288
 156335 -327
 156411 -286
 156488 -313
 156564 -313
 156641 -317
 156718 -309
 156793 -302
 156870 -316
 156947 -278
 157023 -326
 157100 -289
 157176 -292
 157252 -321
 157329 -283
 157406 -312
 157481 -282
 157558 -305
 157635 -300
 157711 -327
 157788 -310
 157864 -302
 157940 -292
 158017 -319
 158094 -312
 158170 -293
 158246 -302
 158323 -288
 158399 -296
 158476 -301
 158553 -310
 158628 -314
 158705 -307
 158782 -301
 158858 -294
 158935 -322
 159011 -311
 159087 -315
 159164 -296


