# Created by Octave 4.2.1, Sun Mar 11 17:26:08 2018 GMT <unknown@everest-PC>
# name: v
# type: matrix
# rows: 160
# columns: 2
 122537 -322
 122614 -305
 122690 -309
 122767 -291
 122844 -302
 122919 -298
 122996 -313
 123073 -326
 123149 -296
 123226 -308
 123302 -306
 123378 -288
 123455 -297
 123532 -301
 123608 -307
 123684 -312
 123761 -286
 123837 -291
 123914 -278
 123991 -315
 124066 -295
 124143 -297
 124220 -317
 124296 -290
 124372 -307
 124449 -320
 124525 -303
 124602 -295
 124679 -306
 124754 -303
 124831 -306
 124908 -337
 124984 -285
 125061 -325
 125137 -309
 125213 -288
 125290 -300
 125367 -295
 125443 -309
 125519 -302
 125596 -272
 125672 -295
 125749 -282
 125826 -279
 125901 -312
 125978 -303
 126055 -307
 126131 -304
 126208 -306
 126284 -291
 126360 -291
 126437 -296
 126514 -300
 126589 -292
 126666 -284
 126743 -300
 126819 -296
 126896 -318
 126972 -315
 127048 -305
 127125 -334
 127202 -304
 127278 -291
 127354 -297
 127431 -312
 127507 -319
 127584 -315
 127661 -313
 127736 -303
 127813 -301
 127890 -326
 127966 -305
 128043 -290
 128119 -294
 128195 -286
 128272 -287
 128349 -300
 128424 -298
 128501 -327
 128578 -311
 128654 -304
 128731 -312
 128807 -308
 128883 -306
 128960 -333
 129037 -303
 129113 -292
 129189 -305
 129266 -314
 129342 -286
 129419 -305
 129496 -315
 129571 -275
 129648 -301
 129725 -296
 129801 -301
 129878 -310
 129954 -302
 130030 -291
 130107 -311
 130184 -289
 130259 -299
 130336 -309
 130413 -324
 130489 -324
 130566 -316
 130642 -295
 130718 -296
 130795 -301
 130872 -292
 130948 -322
 131024 -293
 131101 -294
 131177 -287
 131254 -299
 131331 -300
 131406 -312
 131483 -292
 131560 -294
 131636 -303
 131713 -311
 131789 -307
 131865 -302
 131942 -319
 132019 -311
 132094 -306
 132171 -304
 132248 -300
 132324 -313
 132401 -302
 132477 -308
 132553 -285
 132630 -307
 132707 -273
 132783 -310
 132859 -305
 132936 -299
 133012 -313
 133089 -291
 133166 -301
 133241 -309
 133318 -301
 133395 -305
 133471 -310
 133548 -305
 133624 -295
 133700 -318
 133777 -312
 133854 -295
 133929 -301
 134006 -326
 134083 -290
 134159 -306
 134236 -317
 134312 -327
 134388 -301
 134465 -305
 134542 -318
 134618 -285
 134694 -311


