# Created by Octave 4.2.1, Sun Mar 11 17:25:42 2018 GMT <unknown@everest-PC>
# name: v
# type: matrix
# rows: 160
# columns: 2
 110304 -317
 110381 -315
 110457 -307
 110533 -292
 110610 -301
 110687 -311
 110763 -313
 110839 -284
 110916 -307
 110992 -313
 111069 -314
 111145 -285
 111221 -307
 111298 -312
 111375 -307
 111451 -276
 111527 -310
 111604 -319
 111680 -293
 111757 -315
 111834 -293
 111909 -290
 111986 -309
 112063 -334
 112139 -311
 112216 -305
 112292 -313
 112368 -310
 112445 -283
 112522 -307
 112598 -306
 112674 -301
 112751 -316
 112827 -307
 112904 -300
 112980 -305
 113056 -319
 113133 -293
 113210 -300
 113286 -317
 113362 -311
 113439 -297
 113515 -292
 113592 -307
 113669 -307
 113744 -302
 113821 -278
 113898 -267
 113974 -307
 114051 -302
 114127 -300
 114203 -295
 114280 -298
 114357 -288
 114433 -305
 114509 -293
 114586 -296
 114662 -320
 114739 -293
 114816 -317
 114891 -307
 114968 -305
 115045 -299
 115121 -311
 115197 -302
 115274 -299
 115350 -308
 115427 -297
 115504 -298
 115579 -328
 115656 -291
 115733 -306
 115809 -322
 115886 -310
 115962 -285
 116038 -283
 116115 -294
 116192 -304
 116268 -299
 116344 -299
 116421 -290
 116497 -284
 116574 -302
 116651 -306
 116726 -314
 116803 -303
 116880 -299
 116956 -305
 117032 -301
 117109 -292
 117185 -285
 117262 -305
 117339 -313
 117414 -315
 117491 -315
 117568 -306
 117644 -320
 117721 -321
 117797 -303
 117873 -299
 117950 -316
 118027 -317
 118103 -305
 118179 -296
 118256 -299
 118332 -294
 118409 -305
 118486 -302
 118561 -291
 118638 -296
 118715 -307
 118791 -316
 118867 -303
 118944 -295
 119020 -299
 119097 -295
 119174 -312
 119249 -318
 119326 -300
 119403 -301
 119479 -309
 119556 -309
 119632 -301
 119708 -296
 119785 -304
 119862 -324
 119938 -313
 120014 -316
 120091 -303
 120167 -300
 120244 -324
 120321 -297
 120396 -304
 120473 -299
 120550 -303
 120626 -329
 120702 -291
 120779 -314
 120855 -305
 120932 -319
 121009 -323
 121084 -316
 121161 -311
 121238 -315
 121314 -274
 121391 -337
 121467 -310
 121543 -310
 121620 -303
 121697 -303
 121773 -288
 121849 -311
 121926 -299
 122002 -293
 122079 -291
 122156 -287
 122231 -317
 122308 -310
 122385 -308
 122461 -312


