# Created by Octave 4.2.1, Sun Mar 11 17:26:34 2018 GMT <unknown@everest-PC>
# name: v
# type: matrix
# rows: 160
# columns: 2
 134771 -282
 134847 -292
 134924 -286
 135001 -302
 135076 -298
 135153 -317
 135230 -299
 135306 -312
 135383 -279
 135459 -297
 135535 -299
 135612 -312
 135689 -312
 135764 -307
 135841 -303
 135918 -305
 135994 -291
 136071 -293
 136147 -304
 136223 -314
 136300 -296
 136377 -290
 136453 -290
 136529 -294
 136606 -299
 136682 -272
 136759 405
 136836 -261
 136911 -372
 136988 -1201
 137065 2325
 137142 4314
 137218 1048
 137294 -7721
 137371 -9403
 137447 -4560
 137524 6780
 137601 6459
 137677 -31
 137753 -2017
 137830 -444
 137907 -4482
 137982 1632
 138059 1952
 138136 -6447
 138212 1753
 138289 25605
 138365 24215
 138442 -17310
 138518 -31169
 138595 -7494
 138672 -6705
 138748 11063
 138824 27134
 138901 -8454
 138978 -32768
 139055 -12546
 139130 32767
 139207 28287
 139284 -15752
 139361 -13554
 139437 2535
 139513 -4629
 139590 -11900
 139667 -28170
 139743 -32701
 139820 -1271
 139896 -6087
 139973 1567
 140049 6366
 140126 7936
 140203 8656
 140278 6148
 140355 505
 140432 -2440
 140508 -6952
 140584 1839
 140661 4603
 140738 1666
 140814 4793
 140891 -2050
 140967 0
 141043 -908
 141120 -414
 141197 -299
 141273 -306
 141349 -305
 141426 -288
 141502 -316
 141579 -326
 141656 -313
 141731 -314
 141808 -287
 141885 -293
 141961 -302
 142038 -318
 142114 -289
 142190 -307
 142267 -298
 142344 -305
 142419 -299
 142496 -301
 142573 -319
 142649 -310
 142726 -297
 142802 -313
 142878 -303
 142955 -287
 143032 -311
 143108 -309
 143184 -311
 143261 -314
 143337 -318
 143414 -298
 143491 -308
 143566 -311
 143643 -277
 143720 -308
 143796 -302
 143873 -295
 143949 -301
 144025 -291
 144102 -300
 144179 -298
 144254 -303
 144331 -292
 144408 -303
 144484 -291
 144561 -298
 144637 -295
 144713 -318
 144790 -293
 144867 -282
 144943 -288
 145019 -291
 145096 -273
 145172 -306
 145249 -315
 145326 -304
 145401 -301
 145478 -305
 145555 -272
 145631 -281
 145708 -322
 145784 -320
 145860 -299
 145937 -288
 146014 -279
 146089 -304
 146166 -304
 146243 -315
 146319 -298
 146396 -312
 146472 -296
 146548 -328
 146625 -299
 146702 -301
 146778 -303
 146854 -336
 146931 -325


