# Created by Octave 4.2.1, Sun Mar 11 17:24:51 2018 GMT <unknown@everest-PC>
# name: v
# type: matrix
# rows: 160
# columns: 2
 85841 -301
 85918 -317
 85995 -297
 86071 -290
 86148 -300
 86223 -312
 86300 -308
 86377 -298
 86453 -305
 86530 -297
 86606 -290
 86682 -292
 86759 -303
 86835 -301
 86912 -331
 86988 -313
 87064 -328
 87141 -330
 87218 -299
 87293 -309
 87370 -306
 87446 -300
 87523 -301
 87600 -322
 87675 -308
 87752 -316
 87828 -327
 87905 -307
 87982 -296
 88057 -291
 88134 -297
 88211 -301
 88287 -290
 88364 -302
 88439 -281
 88516 -308
 88593 -300
 88669 -294
 88745 -316
 88822 -294
 88898 -296
 88975 -306
 89051 -302
 89127 -286
 89204 -295
 89280 -294
 89357 -308
 89434 -288
 89509 -305
 89586 -306
 89662 -296
 89739 -285
 89816 -322
 89891 -315
 89968 -313
 90045 -323
 90121 -293
 90198 -301
 90273 -293
 90350 -309
 90427 -310
 90503 -298
 90579 -318
 90655 -288
 90732 -699
 90809 -197
 90885 507
 90961 43
 91038 352
 91114 1466
 91191 -13007
 91268 -19590
 91343 -21326
 91420 -17798
 91497 -15486
 91573 -15862
 91650 -12327
 91726 -10525
 91803 -9701
 91879 -7134
 91956 -9934
 92033 -17171
 92108 -11821
 92185 -11868
 92262 -13739
 92338 -5663
 92414 -363
 92491 5479
 92567 6404
 92644 13465
 92721 11031
 92796 12025
 92873 9570
 92950 -1849
 93027 6297
 93103 7685
 93179 2036
 93256 -2465
 93332 -5107
 93409 -1591
 93486 -8752
 93561 -4791
 93638 -4364
 93715 -1312
 93791 -617
 93868 384
 93943 4823
 94020 4538
 94097 3618
 94173 1571
 94249 118
 94326 -2276
 94402 -3457
 94479 -4566
 94556 -6681
 94631 -4536
 94708 -4724
 94785 -2532
 94861 -2253
 94938 -693
 95014 -1084
 95090 -801
 95167 677
 95244 1094
 95320 1602
 95396 -1426
 95473 -7922
 95549 -5984
 95626 -4197
 95703 -7894
 95778 -7904
 95855 -5720
 95932 1408
 96008 595
 96084 548
 96161 1807
 96237 -1828
 96314 -9029
 96391 -15910
 96466 -16397
 96543 -11889
 96620 -10819
 96697 -15190
 96773 -6383
 96849 -9823
 96926 -9052
 97002 -1348
 97079 -651
 97156 -482
 97231 -4185
 97308 -1630
 97385 -273
 97461 -321
 97538 -311
 97613 -296
 97690 -297
 97767 -289
 97843 -324
 97920 -287
 97995 -294


