# Created by Octave 4.2.1, Sun Mar 11 17:25:16 2018 GMT <unknown@everest-PC>
# name: v
# type: matrix
# rows: 160
# columns: 2
 98072 -280
 98149 -301
 98225 -305
 98301 -292
 98378 -289
 98454 -303
 98531 -327
 98607 -295
 98683 -308
 98760 -285
 98836 -309
 98913 -315
 98990 -314
 99065 -309
 99142 -307
 99218 -304
 99295 -290
 99372 -293
 99447 -306
 99524 -296
 99601 -320
 99677 -300
 99753 -308
 99829 -302
 99906 -285
 99983 -303
 100059 -326
 100135 -314
 100212 -321
 100288 -306
 100365 -327
 100442 -316
 100517 -288
 100594 -295
 100671 -303
 100747 -315
 100824 -273
 100900 -305
 100976 -328
 101053 -306
 101130 -304
 101206 -308
 101282 -305
 101359 -332
 101435 -320
 101512 -301
 101588 -319
 101664 -288
 101741 -304
 101818 -287
 101894 -299
 101970 -293
 102047 -300
 102123 -283
 102200 -312
 102277 -294
 102352 -303
 102429 -305
 102506 -291
 102582 -310
 102659 -306
 102735 -334
 102811 -309
 102888 -323
 102965 -327
 103041 -316
 103117 -280
 103194 -321
 103270 -324
 103347 -328
 103424 -309
 103499 -305
 103576 -320
 103653 -293
 103729 -289
 103805 -304
 103882 -297
 103958 -297
 104035 -314
 104112 -294
 104187 -303
 104264 -288
 104340 -302
 104417 -299
 104494 -301
 104569 -310
 104646 -297
 104723 -324
 104799 -335
 104876 -305
 104952 -272
 105028 -309
 105105 -310
 105182 -304
 105257 -310
 105334 -311
 105411 -312
 105487 -308
 105564 -295
 105640 -308
 105716 -311
 105793 -301
 105870 -343
 105946 -303
 106022 -310
 106099 -313
 106175 -310
 106252 -303
 106329 -305
 106404 -312
 106481 -294
 106558 -299
 106634 -315
 106711 -301
 106787 -301
 106863 -305
 106940 -325
 107017 -324
 107092 -329
 107169 -312
 107246 -304
 107322 -288
 107399 -288
 107475 -309
 107551 -298
 107628 -291
 107705 -324
 107781 -329
 107857 -304
 107934 -299
 108010 -291
 108087 -299
 108164 -315
 108239 -320
 108316 -322
 108393 -294
 108469 -331
 108546 -314
 108622 -307
 108698 -316
 108775 -308
 108852 -303
 108928 -311
 109004 -309
 109081 -296
 109157 -289
 109234 -294
 109310 -293
 109386 -315
 109463 -308
 109540 -295
 109616 -292
 109692 -301
 109769 -323
 109845 -300
 109922 -303
 109999 -311
 110074 -312
 110151 -290
 110228 -294


